# r_phys (pc), pdir (dyn cm^-2), pdir_lerr, pdir_herr, pir (dyn cm^-2), pir_lerr, pir_herr, phii (dyn cm^-2), phii_lerr, phii_herr, px (dyn cm^-2), px_lerr, px_herr, px_limit_index
# Radii from Lopez et al. 2014 Table 1, Pressures from Lopez et al. 2014 Table 7. Phii are the Lopez+14 values multiplied by 0.5002354010324775 to reflect the Gaunt factor as used in Olivier et al. 2021 Figure 5.
1.019999999999999929e+01 1.819999999999999919e-11 1.819999999999999919e-11 9.099999999999999595e-12 2.129999999999999882e-10 7.999999999999999839e-12 7.000000000000000869e-12 6.903248534248191576e-10 5.002354010324776188e-12 5.002354010324776188e-12 2.310000000000000036e-10 2.290000000000000105e-10 2.290000000000000105e-10 0.000000000000000000e+00
1.450000000000000000e+02 5.080000000000000164e-12 5.080000000000000164e-12 2.540000000000000082e-12 6.600000000000000473e-11 3.000000000000000142e-12 9.999999999999999799e-13 6.903248534248189250e-11 5.002354010324775785e-13 5.002354010324775785e-13 2.200000000000000158e-11 7.999999999999999839e-12 7.999999999999999839e-12 0.000000000000000000e+00
4.510000000000000142e+01 3.309999999999999830e-12 3.309999999999999830e-12 1.649999999999999836e-12 7.199999999999999694e-11 2.600000000000000069e-11 1.799999999999999923e-11 7.553554555590410566e-11 2.000941604129910314e-12 1.500706203097432735e-12 5.640000000000000169e-10 3.169999999999999910e-10 3.169999999999999910e-10 0.000000000000000000e+00
1.030000000000000000e+02 4.210000000000000034e-12 4.210000000000000034e-12 2.099999999999999938e-12 6.500000000000000818e-11 8.999999999999999617e-12 8.999999999999999617e-12 8.453978277448870652e-11 5.002354010324775785e-13 1.000470802064955157e-12 8.299999999999999772e-11 5.200000000000000138e-11 5.200000000000000138e-11 0.000000000000000000e+00
7.559999999999999432e+01 1.569999999999999974e-12 1.569999999999999974e-12 7.800000000000000085e-13 4.000000000000000404e-11 3.999999999999999920e-12 3.999999999999999920e-12 6.653130833731951773e-11 5.002354010324775785e-13 1.000470802064955157e-12 4.300000000000000014e-11 4.300000000000000014e-11 4.300000000000000014e-11 0.000000000000000000e+00
5.239999999999999858e+01 4.409999999999999990e-12 4.409999999999999990e-12 2.200000000000000319e-12 5.800000000000000005e-11 3.000000000000000142e-12 1.999999999999999960e-12 6.403013133215713004e-11 5.002354010324775785e-13 1.000470802064955157e-12 2.200000000000000158e-11 1.100000000000000079e-11 1.100000000000000079e-11 0.000000000000000000e+00
5.670000000000000284e+01 1.140000000000000070e-11 1.140000000000000070e-11 5.700000000000000350e-12 1.149999999999999906e-10 3.000000000000000142e-12 3.999999999999999920e-12 1.675788593458799882e-10 1.000470802064955157e-12 2.000941604129910314e-12 7.800000000000000207e-11 3.500000000000000192e-11 3.500000000000000192e-11 0.000000000000000000e+00
6.400000000000000000e+01 4.959999999999999868e-12 4.959999999999999868e-12 2.479999999999999934e-12 9.399999999999999851e-11 2.600000000000000069e-11 3.100000000000000281e-11 1.125529652323074461e-10 1.500706203097432735e-12 5.002354010324775785e-13 2.900000000000000002e-11 1.599999999999999968e-11 1.599999999999999968e-11 0.000000000000000000e+00
4.220000000000000284e+01 9.340000000000000188e-12 9.340000000000000188e-12 4.670000000000000094e-12 9.900000000000000710e-11 3.999999999999999920e-12 3.999999999999999920e-12 1.815854505747893386e-10 1.000470802064955157e-12 3.001412406194865471e-12 6.600000000000000473e-11 3.300000000000000237e-11 3.300000000000000237e-11 0.000000000000000000e+00
8.579999999999999716e+01 5.240000000000000290e-12 5.240000000000000290e-12 2.620000000000000145e-12 5.699999999999999704e-11 9.999999999999999799e-13 1.999999999999999960e-12 8.103813496726136892e-11 1.000470802064955157e-12 5.002354010324775785e-13 4.400000000000000315e-11 1.300000000000000034e-11 1.300000000000000034e-11 0.000000000000000000e+00
7.129999999999999716e+01 6.179999999999999920e-12 6.179999999999999920e-12 3.089999999999999960e-12 7.800000000000000207e-11 3.000000000000000142e-12 3.000000000000000142e-12 9.854637400339806983e-11 5.002354010324775785e-13 1.500706203097432735e-12 5.100000000000000483e-11 1.400000000000000174e-11 1.400000000000000174e-11 0.000000000000000000e+00
9.890000000000000568e+01 5.569999999999999894e-11 5.569999999999999894e-11 2.780000000000000029e-11 2.470000000000000259e-10 7.999999999999999839e-12 8.999999999999999617e-12 3.496645453217018534e-10 1.000470802064955157e-12 2.000941604129910314e-12 9.799999999999999762e-11 3.900000000000000103e-11 3.900000000000000103e-11 0.000000000000000000e+00
4.000000000000000000e+01 2.110000000000000016e-11 2.110000000000000016e-11 1.049999999999999928e-11 1.100000000000000079e-10 3.999999999999999920e-12 5.000000000000000505e-12 1.660781531427825375e-10 1.500706203097432735e-12 2.501177005162388094e-12 7.000000000000000384e-11 5.699999999999999704e-11 5.699999999999999704e-11 0.000000000000000000e+00
3.929999999999999716e+01 9.029999999999998479e-12 9.029999999999998479e-12 4.519999999999999319e-12 6.700000000000000128e-11 3.000000000000000142e-12 3.000000000000000142e-12 1.605755637314253130e-10 2.000941604129910314e-12 3.001412406194865471e-12 5.100000000000000483e-11 3.199999999999999936e-11 3.199999999999999936e-11 0.000000000000000000e+00
3.050000000000000000e+01 1.340000000000000147e-12 1.340000000000000147e-12 6.700000000000000734e-13 1.429999999999999973e-10 1.000000000000000036e-10 1.020000000000000097e-10 7.153366234764429311e-11 5.002354010324775785e-13 5.002354010324775785e-13 0.000000000000000000e+00 0.000000000000000000e+00 0.000000000000000000e+00 0.000000000000000000e+00
1.120000000000000000e+02 3.259999999999999842e-12 3.259999999999999842e-12 1.629999999999999921e-12 4.100000000000000059e-11 1.080000000000000148e-10 4.000000000000000404e-11 6.403013133215713004e-11 5.002354010324775785e-13 1.000470802064955157e-12 3.900000000000000103e-11 3.900000000000000103e-11 3.900000000000000103e-11 0.000000000000000000e+00
4.789999999999999858e+01 6.700000000000000734e-13 6.700000000000000734e-13 3.400000000000000154e-13 1.100000000000000079e-11 9.999999999999999799e-13 9.999999999999999799e-13 3.451624267124094625e-11 2.000941604129910314e-12 4.502118609292298004e-12 8.800000000000000631e-11 5.000000000000000182e-11 0.000000000000000000e+00 1.000000000000000000e+00
8.869999999999999218e+00 1.689999999999999786e-11 1.689999999999999786e-11 8.499999999999999728e-12 8.100000000000000463e-11 3.999999999999999920e-12 3.000000000000000142e-12 3.641713719516436787e-10 2.951388866091617733e-11 3.901836128053324668e-11 1.649999999999999989e-10 5.000000000000000182e-11 0.000000000000000000e+00 1.000000000000000000e+00
2.660000000000000142e+01 2.370000000000000201e-12 2.370000000000000201e-12 1.179999999999999819e-12 3.300000000000000237e-11 1.999999999999999960e-12 9.999999999999999799e-13 1.000470802064955076e-10 3.001412406194865471e-12 3.501647807227343251e-12 7.499999999999999950e-11 5.000000000000000182e-11 0.000000000000000000e+00 1.000000000000000000e+00
1.240000000000000036e+01 4.670000000000000094e-12 4.670000000000000094e-12 2.339999999999999723e-12 4.000000000000000404e-11 3.000000000000000142e-12 9.999999999999999799e-13 2.201035764542901426e-10 1.850870983820167020e-11 1.700800363510423888e-11 1.820000000000000177e-10 5.000000000000000182e-11 0.000000000000000000e+00 1.000000000000000000e+00
1.600000000000000000e+01 5.780000000000000009e-12 5.780000000000000009e-12 2.890000000000000004e-12 2.120000000000000175e-10 1.200000000000000057e-11 3.999999999999999920e-12 2.156014578449977905e-10 1.200564962477946188e-11 1.450682662994184957e-11 1.250000000000000078e-10 5.000000000000000182e-11 0.000000000000000000e+00 1.000000000000000000e+00
4.439999999999999858e+01 4.339999999999999682e-12 4.339999999999999682e-12 2.169999999999999841e-12 2.200000000000000158e-11 1.999999999999999960e-12 9.999999999999999799e-13 8.153837036829384387e-11 2.000941604129910314e-12 1.500706203097432735e-12 9.900000000000000710e-11 5.000000000000000182e-11 0.000000000000000000e+00 1.000000000000000000e+00
7.629999999999999716e+01 1.249999999999999924e-12 1.249999999999999924e-12 6.300000000000000419e-13 1.499999999999999990e-11 9.999999999999999799e-13 9.999999999999999799e-13 3.151483026504608361e-11 5.002354010324775785e-13 5.002354010324775785e-13 5.800000000000000005e-11 5.000000000000000182e-11 0.000000000000000000e+00 1.000000000000000000e+00
3.370000000000000284e+01 7.099999999999999029e-13 7.099999999999999029e-13 3.499999999999999728e-13 3.900000000000000103e-11 1.999999999999999960e-12 1.999999999999999960e-12 4.352047988982554710e-11 5.002354010324775785e-13 5.002354010324775785e-13 9.399999999999999851e-11 5.000000000000000182e-11 0.000000000000000000e+00 1.000000000000000000e+00
2.310000000000000142e+01 2.200000000000000319e-12 2.200000000000000319e-12 1.100000000000000160e-12 2.600000000000000069e-11 9.999999999999999799e-13 1.999999999999999960e-12 7.853695796209898123e-11 2.501177005162388094e-12 3.001412406194865471e-12 1.310000000000000129e-10 5.000000000000000182e-11 0.000000000000000000e+00 1.000000000000000000e+00
6.389999999999999858e+01 1.209999999999999893e-11 1.209999999999999893e-11 6.040000000000000113e-12 1.100000000000000079e-10 6.000000000000000283e-12 3.999999999999999920e-12 1.460687371014834618e-10 2.000941604129910314e-12 2.000941604129910314e-12 6.500000000000000818e-11 3.900000000000000103e-11 0.000000000000000000e+00 0.000000000000000000e+00
3.549999999999999822e+00 1.659999999999999954e-11 1.659999999999999954e-11 8.320000000000000091e-12 6.800000000000001075e-11 3.000000000000000142e-12 3.000000000000000142e-12 4.582156273457494352e-10 9.504472619617073223e-11 1.590748575283278881e-10 1.690000000000000109e-10 5.000000000000000182e-11 0.000000000000000000e+00 1.000000000000000000e+00
5.500000000000000000e+01 4.099999999999999897e-12 4.099999999999999897e-12 2.049999999999999949e-12 3.800000000000000449e-11 1.999999999999999960e-12 1.999999999999999960e-12 1.005473156075279696e-10 1.500706203097432735e-12 2.000941604129910314e-12 1.100000000000000079e-10 5.000000000000000182e-11 0.000000000000000000e+00 1.000000000000000000e+00
4.610000000000000142e+01 3.020000000000000056e-12 3.020000000000000056e-12 1.510000000000000028e-12 1.659999999999999954e-10 8.999999999999999617e-12 5.000000000000000505e-12 9.804613860236559488e-11 1.500706203097432735e-12 1.500706203097432735e-12 9.799999999999999762e-11 5.000000000000000182e-11 0.000000000000000000e+00 1.000000000000000000e+00
3.900000000000000000e+01 2.210000000000000075e-12 2.210000000000000075e-12 1.110000000000000117e-12 2.600000000000000069e-11 1.999999999999999960e-12 9.999999999999999799e-13 6.352989593112464216e-11 1.000470802064955157e-12 1.000470802064955157e-12 5.999999999999999960e-11 5.000000000000000182e-11 0.000000000000000000e+00 1.000000000000000000e+00
1.010000000000000000e+02 2.009999999999999715e-12 2.009999999999999715e-12 9.999999999999999799e-13 4.699999999999999926e-11 1.999999999999999960e-12 1.999999999999999960e-12 4.552142149395545984e-11 5.002354010324775785e-13 5.002354010324775785e-13 5.500000000000000394e-11 5.000000000000000182e-11 0.000000000000000000e+00 1.000000000000000000e+00
3.019999999999999929e+01 4.249999999999999864e-12 4.249999999999999864e-12 2.130000000000000012e-12 3.300000000000000237e-11 1.999999999999999960e-12 1.999999999999999960e-12 7.353460395177420585e-11 4.001883208259820628e-12 4.001883208259820628e-12 6.200000000000000562e-11 5.000000000000000182e-11 0.000000000000000000e+00 1.000000000000000000e+00
