    log(age)        CN_1        CN_2      Ca4227       G4300      Fe4383      Ca4455      Fe4531      Fe4668      H_beta      Fe5015        Mg_1        Mg_2        Mg_b      Fe5270      Fe5335      Fe5406      Fe5709      Fe5782        Na_D       TiO_1       TiO_2    Hdelta_A    Hgamma_A    Hdelta_F    Hgamma_F      Ca8498      Ca8542      Ca8662        MgUV       D4000
  6.0000e+00  1.6741e+00  1.7375e+00  7.5495e-03 -1.2971e-01  2.0024e-02  4.2705e-02  3.5544e-02 -4.7671e-01  6.0009e-01  1.1507e-01  2.0052e+00  2.4805e+00  1.8362e-02  1.3977e-02  3.0516e-02  1.1938e-02 -1.5477e-02  5.1650e-03  2.5920e-02  1.5379e+00  1.3623e+00  7.5574e-01  7.7712e-01  5.4381e-01  5.9193e-01  5.9105e-02  1.5419e-01  2.4493e-01  3.6501e-01  8.8094e-01
  6.1000e+00  1.6769e+00  1.7388e+00  6.6680e-03 -1.0200e-01  1.9704e-02  3.5121e-02  2.8678e-02 -4.9200e-01  4.7619e-01  1.0311e-01  2.0052e+00  2.4802e+00  1.4511e-02  1.1208e-02  2.5536e-02  9.5448e-03 -1.7468e-02  4.3447e-03  2.2409e-02  1.5379e+00  1.3623e+00  6.0804e-01  6.2534e-01  4.3288e-01  4.7240e-01  4.5119e-02  1.1804e-01  1.8974e-01  3.4943e-01  8.8054e-01
  6.2000e+00  1.6775e+00  1.7390e+00  6.4132e-03 -9.5925e-02  1.9610e-02  3.3238e-02  2.5398e-02 -6.1290e-01  4.4495e-01  1.0001e-01  2.0052e+00  2.4801e+00  1.3580e-02  1.0427e-02  2.4049e-02  9.2603e-03 -1.7553e-02  4.5983e-03  2.0032e-02  1.5378e+00  1.3622e+00  5.7946e-01  5.9096e-01  4.1036e-01  4.4543e-01  4.1386e-02  1.0838e-01  1.7588e-01  3.4613e-01  8.8060e-01
  6.3000e+00  1.6771e+00  1.7363e+00  7.4544e-03 -9.1277e-02  2.1886e-02  3.0612e-02 -2.2596e-02 -1.8988e+00  3.1265e-01  1.1240e-01  2.0053e+00  2.4801e+00  1.8873e-02  1.0871e-02  2.5259e-02  8.4471e-03 -1.0558e-02  1.5307e-02 -3.5494e-03  1.5379e+00  1.3612e+00  6.5025e-01  5.4293e-01  4.1097e-01  4.0814e-01  4.2118e-02  1.0804e-01  1.7407e-01  4.2260e-01  8.8166e-01
  6.4000e+00  1.6749e+00  1.7344e+00  1.2669e-02 -1.1173e-01  3.4667e-02  7.0622e-02 -9.7876e-02 -2.6574e+00  3.3273e-01  2.1453e-01  2.0051e+00  2.4795e+00  1.6260e-02  4.7834e-03  3.0618e-02 -2.2663e-02 -3.5643e-03  3.4018e-04 -1.0209e-01  1.5395e+00  1.3613e+00  8.1782e-01  6.2803e-01  5.0754e-01  5.0258e-01  6.7984e-02  1.6183e-01  2.4911e-01  6.6311e-01  8.8335e-01
  6.5000e+00  1.6643e+00  1.7343e+00 -3.5589e-03 -1.7799e-01  2.0206e-01  1.1411e-01 -4.6553e-02 -4.0015e+00  9.7179e-01  2.5577e-01  2.0040e+00  2.4803e+00  5.4025e-03  1.4882e-02  7.4988e-02 -4.6566e-02  9.6895e-03  1.7021e-02  7.0673e-02  1.5865e+00  1.3624e+00  1.2660e+00  1.2044e+00  9.4848e-01  1.0436e+00  3.0562e-01  6.8338e-01  7.9265e-01  7.2396e-01  8.9083e-01
  6.6000e+00  1.6645e+00  1.7369e+00  5.9379e-03 -1.5881e-01  2.7812e-01  1.2277e-01 -5.8620e-02 -4.7788e+00  1.0115e+00  3.7949e-01  2.0061e+00  2.4844e+00  5.8576e-02  8.3785e-02  1.5040e-01 -3.1508e-02  6.3461e-02  2.6353e-02  1.6140e-01  1.5825e+00  1.3658e+00  1.3480e+00  1.2319e+00  1.0200e+00  1.1049e+00  5.4476e-01  1.2617e+00  1.2382e+00  8.7744e-01  8.9619e-01
  6.7000e+00  1.6622e+00  1.7350e+00  3.3560e-02 -1.2683e-01  3.3702e-01  1.4673e-01  1.3321e-01 -4.2354e+00  9.6792e-01  8.1018e-01  2.0153e+00  2.5064e+00  3.5586e-01  3.6160e-01  4.8736e-01  2.5883e-01  2.3544e-01  1.7845e-01  5.7069e-01  1.5815e+00  1.3979e+00  1.4737e+00  1.2255e+00  1.0876e+00  1.1038e+00  1.2434e+00  3.0518e+00  2.6147e+00  8.4448e-01  8.9855e-01
  6.8000e+00  1.6597e+00  1.7336e+00  7.1344e-02 -1.1161e-01  4.0349e-01  1.8726e-01  4.2501e-01 -2.5152e+00  1.0362e+00  1.3766e+00  2.0275e+00  2.5350e+00  7.0505e-01  6.9858e-01  8.8133e-01  6.1772e-01  4.5631e-01  3.4156e-01  1.0629e+00  1.5878e+00  1.4437e+00  1.5758e+00  1.2831e+00  1.1728e+00  1.1610e+00  1.6547e+00  4.1364e+00  3.4058e+00  7.6625e-01  9.0301e-01
  6.9000e+00  1.6498e+00  1.7292e+00  1.2522e-01 -1.8113e-01  4.9878e-01  2.8438e-01  8.0055e-01 -3.0796e-01  1.3894e+00  2.1079e+00  2.0474e+00  2.5788e+00  1.1868e+00  1.1220e+00  1.3702e+00  1.0587e+00  7.2572e-01  4.8975e-01  1.7508e+00  1.6247e+00  1.5235e+00  1.9966e+00  1.6394e+00  1.5155e+00  1.4809e+00  1.8524e+00  4.7443e+00  3.8452e+00  5.9368e-01  9.0646e-01
  7.0000e+00  1.6329e+00  1.7228e+00  1.5178e-01 -3.2405e-01  5.5658e-01  3.6357e-01  9.5082e-01  4.4724e-01  2.0803e+00  2.3490e+00  2.0524e+00  2.5878e+00  1.2870e+00  1.2182e+00  1.4687e+00  1.1494e+00  7.6560e-01  5.3329e-01  1.8616e+00  1.6214e+00  1.5192e+00  2.8414e+00  2.4550e+00  2.1911e+00  2.1706e+00  1.8119e+00  4.6696e+00  3.7902e+00  5.6318e-01  9.1524e-01
  7.1000e+00  1.6066e+00  1.7132e+00  1.7184e-01 -5.7070e-01  6.2207e-01  4.6615e-01  1.0247e+00  8.1553e-01  3.0423e+00  2.4379e+00  2.0544e+00  2.5862e+00  1.2330e+00  1.2186e+00  1.4793e+00  1.1602e+00  7.6004e-01  5.9481e-01  1.8629e+00  1.5957e+00  1.4799e+00  4.1786e+00  3.7571e+00  3.2655e+00  3.2767e+00  1.7635e+00  4.5281e+00  3.6891e+00  6.0475e-01  9.2826e-01
  7.2000e+00  1.5935e+00  1.7105e+00  1.6636e-01 -6.4084e-01  7.1218e-01  4.6959e-01  1.0218e+00  6.8981e-01  3.7264e+00  2.2201e+00  2.0422e+00  2.5648e+00  1.0475e+00  1.0465e+00  1.2969e+00  9.9615e-01  6.6278e-01  5.3896e-01  1.4725e+00  1.5710e+00  1.4369e+00  4.8815e+00  4.5485e+00  3.9006e+00  3.9689e+00  1.6684e+00  4.2216e+00  3.5099e+00  7.5206e-01  9.4595e-01
  7.3000e+00  1.5842e+00  1.7087e+00  1.4877e-01 -6.6867e-01  7.9724e-01  4.2923e-01  1.0151e+00  5.0097e-01  4.2698e+00  1.9136e+00  2.0318e+00  2.5486e+00  9.0172e-01  8.7216e-01  1.1273e+00  8.3462e-01  5.6309e-01  4.6028e-01  1.1603e+00  1.5596e+00  1.4146e+00  5.3400e+00  5.0988e+00  4.3604e+00  4.4653e+00  1.5796e+00  3.9092e+00  3.3420e+00  9.6949e-01  9.6045e-01
  7.4000e+00  1.5749e+00  1.7037e+00  1.2294e-01 -7.4739e-01  7.7251e-01  4.1045e-01  9.7023e-01  3.5155e-01  4.7131e+00  1.6411e+00  2.0210e+00  2.5323e+00  7.3977e-01  7.1500e-01  9.5214e-01  6.6179e-01  4.7071e-01  3.6607e-01  8.7833e-01  1.5528e+00  1.3998e+00  5.7844e+00  5.6313e+00  4.7268e+00  4.8709e+00  1.4803e+00  3.6073e+00  3.1943e+00  1.0704e+00  9.7288e-01
  7.5000e+00  1.5659e+00  1.6983e+00  1.1950e-01 -8.1321e-01  7.4045e-01  4.0084e-01  9.9064e-01  2.8997e-01  5.0204e+00  1.5447e+00  2.0164e+00  2.5262e+00  6.9473e-01  6.6834e-01  8.9207e-01  6.0277e-01  4.4260e-01  3.3348e-01  7.4239e-01  1.5488e+00  1.3917e+00  6.2099e+00  6.0789e+00  5.0520e+00  5.1907e+00  1.4295e+00  3.4586e+00  3.1266e+00  1.1512e+00  9.8319e-01
  7.6000e+00  1.5575e+00  1.6933e+00  1.2063e-01 -7.9947e-01  7.3961e-01  3.9972e-01  1.1474e+00  2.6223e-01  5.2813e+00  1.6034e+00  2.0126e+00  2.5244e+00  7.0974e-01  7.0370e-01  9.0798e-01  5.9411e-01  4.6413e-01  3.2677e-01  6.4102e-01  1.5459e+00  1.3869e+00  6.5916e+00  6.4811e+00  5.3304e+00  5.4741e+00  1.4472e+00  3.4798e+00  3.1487e+00  1.3035e+00  1.0045e+00
  7.7000e+00  1.5578e+00  1.6926e+00  1.3059e-01 -6.0847e-01  7.0740e-01  4.2022e-01  1.3514e+00  3.2131e-01  5.1903e+00  1.8370e+00  2.0112e+00  2.5243e+00  7.4273e-01  7.8220e-01  9.3058e-01  6.2402e-01  5.0785e-01  3.3815e-01  5.3191e-01  1.5433e+00  1.3830e+00  6.5509e+00  6.3994e+00  5.2385e+00  5.3992e+00  1.4652e+00  3.5606e+00  3.1648e+00  1.4082e+00  1.0259e+00
  7.8000e+00  1.5529e+00  1.6889e+00  1.6856e-01 -5.9519e-01  6.3948e-01  4.1084e-01  1.3826e+00  4.5762e-01  5.1682e+00  2.0087e+00  2.0180e+00  2.5342e+00  8.8177e-01  8.7776e-01  1.0060e+00  7.3477e-01  5.5026e-01  3.7808e-01  6.3618e-01  1.5506e+00  1.3960e+00  6.7599e+00  6.4866e+00  5.3690e+00  5.4344e+00  1.4154e+00  3.5943e+00  3.2070e+00  1.4076e+00  1.0233e+00
  7.9000e+00  1.5472e+00  1.6849e+00  1.7582e-01 -4.5017e-01  6.3365e-01  3.9009e-01  1.4905e+00  5.6306e-01  5.2431e+00  2.1651e+00  2.0183e+00  2.5355e+00  9.3377e-01  9.2446e-01  1.0141e+00  7.6899e-01  5.7442e-01  3.8569e-01  5.7759e-01  1.5518e+00  1.3975e+00  6.9598e+00  6.6057e+00  5.5066e+00  5.5170e+00  1.4237e+00  3.6455e+00  3.2428e+00  1.5879e+00  1.0365e+00
  8.0000e+00  1.5386e+00  1.6797e+00  1.8661e-01 -5.3028e-01  5.7390e-01  3.5796e-01  1.4940e+00  6.5809e-01  5.4293e+00  2.2563e+00  2.0228e+00  2.5430e+00  1.0380e+00  9.8363e-01  1.0840e+00  8.4991e-01  6.0681e-01  4.0592e-01  6.6941e-01  1.5615e+00  1.4131e+00  7.3671e+00  6.9797e+00  5.8154e+00  5.7504e+00  1.3981e+00  3.6601e+00  3.2827e+00  1.7640e+00  1.0363e+00
  8.1000e+00  1.5338e+00  1.6787e+00  2.2439e-01 -4.6487e-01  6.5087e-01  3.6135e-01  1.7151e+00  8.1899e-01  5.5138e+00  2.5856e+00  2.0293e+00  2.5577e+00  1.2635e+00  1.1582e+00  1.2657e+00  1.0030e+00  6.9822e-01  4.6447e-01  8.0901e-01  1.5696e+00  1.4279e+00  7.6336e+00  7.1800e+00  6.0331e+00  5.8961e+00  1.4367e+00  3.7895e+00  3.3475e+00  2.2278e+00  1.0530e+00
  8.2000e+00  1.5166e+00  1.6655e+00  1.8617e-01 -7.3680e-01  4.1594e-01  2.7222e-01  1.5216e+00  5.7858e-01  6.0669e+00  2.1455e+00  2.0219e+00  2.5444e+00  1.1059e+00  9.6232e-01  1.0827e+00  8.4319e-01  5.8957e-01  3.8705e-01  6.7182e-01  1.5656e+00  1.4185e+00  8.3447e+00  8.0023e+00  6.5347e+00  6.4316e+00  1.3639e+00  3.5721e+00  3.2611e+00  2.8173e+00  1.0518e+00
  8.3000e+00  1.5090e+00  1.6618e+00  2.2186e-01 -6.2662e-01  4.9091e-01  2.8271e-01  1.7412e+00  6.6922e-01  6.1916e+00  2.4026e+00  2.0246e+00  2.5538e+00  1.3023e+00  1.0921e+00  1.1993e+00  9.3188e-01  6.5098e-01  4.2423e-01  7.2513e-01  1.5671e+00  1.4222e+00  8.6850e+00  8.2563e+00  6.7753e+00  6.6061e+00  1.3700e+00  3.6067e+00  3.2630e+00  3.6081e+00  1.0774e+00
  8.4000e+00  1.4962e+00  1.6522e+00  2.3321e-01 -6.7449e-01  4.3755e-01  2.6580e-01  1.8185e+00  6.2134e-01  6.4746e+00  2.3794e+00  2.0215e+00  2.5521e+00  1.3549e+00  1.0858e+00  1.1824e+00  8.9955e-01  6.4097e-01  4.1295e-01  6.6698e-01  1.5627e+00  1.4145e+00  9.2275e+00  8.7973e+00  7.1172e+00  6.9248e+00  1.3376e+00  3.5084e+00  3.2044e+00  4.4627e+00  1.1000e+00
  8.5000e+00  1.4756e+00  1.6350e+00  2.5811e-01 -9.4677e-01  2.4876e-01  2.4836e-01  1.8689e+00  5.6869e-01  6.8594e+00  2.3316e+00  2.0202e+00  2.5571e+00  1.4715e+00  1.1129e+00  1.2225e+00  8.9058e-01  6.4460e-01  3.9109e-01  7.6332e-01  1.5722e+00  1.4297e+00  1.0072e+01  9.6619e+00  7.5957e+00  7.3680e+00  1.3400e+00  3.5420e+00  3.2479e+00  5.5580e+00  1.1227e+00
  8.6000e+00  1.4728e+00  1.6315e+00  3.3181e-01 -7.3072e-01  3.0192e-01  3.3977e-01  2.2703e+00  7.4768e-01  6.5899e+00  2.7615e+00  2.0283e+00  2.5793e+00  1.7708e+00  1.3735e+00  1.4463e+00  1.0435e+00  7.6105e-01  4.3069e-01  9.6432e-01  1.5898e+00  1.4580e+00  1.0177e+01  9.5991e+00  7.4937e+00  7.1637e+00  1.4287e+00  3.7607e+00  3.3001e+00  7.0640e+00  1.1746e+00
  8.7000e+00  1.4775e+00  1.6353e+00  4.3227e-01 -5.2351e-01  4.0060e-01  4.6773e-01  2.7402e+00  9.0868e-01  6.1652e+00  3.2899e+00  2.0450e+00  2.6161e+00  2.1794e+00  1.7377e+00  1.7923e+00  1.2923e+00  9.1872e-01  5.1893e-01  1.3875e+00  1.6093e+00  1.4921e+00  1.0016e+01  9.2384e+00  7.2324e+00  6.7973e+00  1.5218e+00  4.0025e+00  3.3855e+00  8.7467e+00  1.2224e+00
  8.8000e+00  1.5156e+00  1.6699e+00  5.8577e-01  3.9429e-01  1.0698e+00  6.8179e-01  3.4640e+00  1.1870e+00  5.1663e+00  4.1419e+00  2.0693e+00  2.6581e+00  2.6463e+00  2.1780e+00  2.1702e+00  1.6128e+00  1.0998e+00  6.7530e-01  1.7492e+00  1.6102e+00  1.4992e+00  8.3956e+00  7.3303e+00  6.1789e+00  5.6585e+00  1.5830e+00  4.1523e+00  3.3886e+00  1.0527e+01  1.2870e+00
  8.9000e+00  1.5579e+00  1.7093e+00  7.4266e-01  1.2337e+00  1.8032e+00  8.7616e-01  4.0647e+00  1.4589e+00  4.3895e+00  4.8304e+00  2.0911e+00  2.6937e+00  3.0441e+00  2.5008e+00  2.4344e+00  1.8456e+00  1.2187e+00  7.7021e-01  2.0020e+00  1.6147e+00  1.5094e+00  6.5505e+00  5.3038e+00  5.1291e+00  4.5637e+00  1.6039e+00  4.2182e+00  3.3742e+00  1.2703e+01  1.3398e+00
  9.0000e+00  1.5839e+00  1.7277e+00  6.4526e-01  1.6755e+00  1.8534e+00  8.3202e-01  3.9227e+00  1.1984e+00  4.3273e+00  4.4130e+00  2.0658e+00  2.6509e+00  2.6986e+00  2.1994e+00  2.0600e+00  1.5386e+00  1.0610e+00  6.3990e-01  1.4570e+00  1.5932e+00  1.4708e+00  5.2048e+00  4.3889e+00  4.3268e+00  4.0968e+00  1.4968e+00  3.9331e+00  3.1679e+00  1.5750e+01  1.3590e+00
  9.1000e+00  1.6284e+00  1.7665e+00  8.3212e-01  2.9418e+00  2.6470e+00  1.0269e+00  4.4932e+00  1.6669e+00  3.4302e+00  5.1539e+00  2.0809e+00  2.6756e+00  3.0742e+00  2.4693e+00  2.2399e+00  1.7289e+00  1.1539e+00  6.9758e-01  1.5295e+00  1.5984e+00  1.4790e+00  2.9492e+00  1.7583e+00  2.9346e+00  2.6149e+00  1.4912e+00  3.9591e+00  3.1274e+00  1.8450e+01  1.4515e+00
  9.2000e+00  1.6412e+00  1.7753e+00  8.5159e-01  3.3815e+00  2.7546e+00  1.0104e+00  4.4337e+00  1.5349e+00  3.2435e+00  4.9356e+00  2.0709e+00  2.6555e+00  2.9516e+00  2.3250e+00  2.0434e+00  1.5870e+00  1.0643e+00  6.4572e-01  1.2181e+00  1.5802e+00  1.4481e+00  2.1978e+00  9.6579e-01  2.4528e+00  2.1865e+00  1.4054e+00  3.7471e+00  2.9455e+00  2.0360e+01  1.4706e+00
  9.3000e+00  1.6581e+00  1.7909e+00  1.0358e+00  4.1391e+00  3.2048e+00  1.1344e+00  4.7682e+00  1.7980e+00  2.7862e+00  5.3509e+00  2.0854e+00  2.6798e+00  3.2726e+00  2.5378e+00  2.2188e+00  1.7477e+00  1.1371e+00  7.0051e-01  1.4040e+00  1.5867e+00  1.4595e+00  1.2088e+00 -4.8685e-01  1.8307e+00  1.3654e+00  1.4136e+00  3.8006e+00  2.9644e+00  2.2344e+01  1.5402e+00
  9.4000e+00  1.6932e+00  1.8269e+00  1.3546e+00  5.2492e+00  3.9913e+00  1.3505e+00  5.3305e+00  2.2139e+00  2.0895e+00  6.0022e+00  2.1075e+00  2.7141e+00  3.7009e+00  2.8778e+00  2.5276e+00  2.0299e+00  1.2704e+00  8.2969e-01  1.6317e+00  1.5832e+00  1.4578e+00 -5.0010e-01 -2.7229e+00  8.4280e-01  1.1976e-01  1.4194e+00  3.8325e+00  2.9522e+00  2.4520e+01  1.6859e+00
  9.5000e+00  1.7041e+00  1.8368e+00  1.4738e+00  5.7814e+00  4.2613e+00  1.4165e+00  5.4688e+00  2.3114e+00  1.8646e+00  6.1226e+00  2.1118e+00  2.7221e+00  3.8535e+00  2.9543e+00  2.5653e+00  2.0673e+00  1.2804e+00  8.3579e-01  1.6852e+00  1.5822e+00  1.4561e+00 -1.2753e+00 -3.7462e+00  4.0277e-01 -4.4269e-01  1.3918e+00  3.7790e+00  2.9060e+00  2.6378e+01  1.7538e+00
  9.6000e+00  1.7083e+00  1.8379e+00  1.4648e+00  6.2078e+00  4.3486e+00  1.3988e+00  5.4000e+00  2.2580e+00  1.7832e+00  5.9730e+00  2.1003e+00  2.7055e+00  3.7945e+00  2.8739e+00  2.4343e+00  1.9687e+00  1.2232e+00  7.9516e-01  1.5175e+00  1.5690e+00  1.4335e+00 -1.8108e+00 -4.3282e+00  9.1964e-02 -7.7789e-01  1.3326e+00  3.6301e+00  2.7811e+00  2.7797e+01  1.8033e+00
  9.7000e+00  1.7248e+00  1.8574e+00  1.7514e+00  6.6632e+00  4.8041e+00  1.5511e+00  5.7259e+00  2.4482e+00  1.4469e+00  6.2743e+00  2.1232e+00  2.7406e+00  4.1494e+00  3.1174e+00  2.6680e+00  2.1622e+00  1.3043e+00  8.6443e-01  1.8302e+00  1.5749e+00  1.4449e+00 -2.6468e+00 -5.5471e+00 -3.2045e-01 -1.4318e+00  1.3495e+00  3.6850e+00  2.8092e+00  2.9228e+01  1.9023e+00
  9.8000e+00  1.7365e+00  1.8699e+00  1.8734e+00  7.0402e+00  5.0606e+00  1.6236e+00  5.8617e+00  2.5936e+00  1.2718e+00  6.4172e+00  2.1276e+00  2.7490e+00  4.2851e+00  3.2057e+00  2.7326e+00  2.2208e+00  1.3274e+00  8.7467e-01  1.8875e+00  1.5746e+00  1.4441e+00 -3.2995e+00 -6.3292e+00 -6.5128e-01 -1.8721e+00  1.3280e+00  3.6428e+00  2.7763e+00  3.0116e+01  1.9918e+00
  9.9000e+00  1.7472e+00  1.8824e+00  2.0259e+00  7.3134e+00  5.3122e+00  1.7042e+00  6.0129e+00  2.6926e+00  1.0994e+00  6.5388e+00  2.1365e+00  2.7627e+00  4.4419e+00  3.3118e+00  2.8281e+00  2.3016e+00  1.3585e+00  9.0075e-01  1.9976e+00  1.5743e+00  1.4443e+00 -3.8268e+00 -6.9957e+00 -8.9917e-01 -2.2427e+00  1.3155e+00  3.6197e+00  2.7558e+00  3.0831e+01  2.0765e+00
  1.0000e+01  1.7335e+00  1.8647e+00  1.9015e+00  7.3238e+00  5.1258e+00  1.6144e+00  5.7471e+00  2.4407e+00  1.2166e+00  6.0997e+00  2.1213e+00  2.7409e+00  4.3022e+00  3.1491e+00  2.6080e+00  2.1126e+00  1.2490e+00  8.0562e-01  1.8859e+00  1.5636e+00  1.4237e+00 -3.6354e+00 -6.7519e+00 -7.9014e-01 -2.1353e+00  1.2516e+00  3.4517e+00  2.6088e+00  3.1808e+01  2.0428e+00
  1.0100e+01  1.7588e+00  1.8977e+00  2.3004e+00  7.6140e+00  5.6513e+00  1.8308e+00  6.2015e+00  2.7917e+00  8.7508e-01  6.6201e+00  2.1541e+00  2.7898e+00  4.7160e+00  3.4809e+00  2.9636e+00  2.4047e+00  1.3846e+00  9.0877e-01  2.2909e+00  1.5776e+00  1.4491e+00 -4.5012e+00 -7.9039e+00 -1.1566e+00 -2.7417e+00  1.2875e+00  3.5703e+00  2.7199e+00  3.1882e+01  2.1984e+00
  1.0200e+01  1.7785e+00  1.9221e+00  2.5414e+00  7.9025e+00  6.0081e+00  1.9644e+00  6.4572e+00  2.9944e+00  6.5321e-01  6.8785e+00  2.1694e+00  2.8125e+00  4.9253e+00  3.6439e+00  3.1284e+00  2.5431e+00  1.4462e+00  9.5304e-01  2.4468e+00  1.5817e+00  1.4566e+00 -5.2523e+00 -8.7704e+00 -1.4867e+00 -3.2121e+00  1.2805e+00  3.5690e+00  2.7287e+00  3.2802e+01  2.3495e+00
  1.0300e+01  1.7639e+00  1.9047e+00  2.4295e+00  7.8117e+00  5.8281e+00  1.8989e+00  6.2501e+00  2.7854e+00  7.4422e-01  6.4928e+00  2.1639e+00  2.8017e+00  4.7865e+00  3.5535e+00  2.9812e+00  2.4061e+00  1.3599e+00  8.6648e-01  2.5349e+00  1.5761e+00  1.4441e+00 -4.9461e+00 -8.4318e+00 -1.2908e+00 -3.0410e+00  1.2396e+00  3.4664e+00  2.6371e+00  3.3117e+01  2.2952e+00
  1.0400e+01  1.8068e+00  1.9611e+00  3.0001e+00  8.0859e+00  6.5044e+00  2.1880e+00  6.8161e+00  3.1706e+00  3.3934e-01  7.0901e+00  2.2030e+00  2.8572e+00  5.2317e+00  3.8973e+00  3.3810e+00  2.7429e+00  1.5176e+00  1.0009e+00  2.8377e+00  1.5884e+00  1.4682e+00 -6.1191e+00 -9.8199e+00 -1.7571e+00 -3.7540e+00  1.2602e+00  3.5440e+00  2.7231e+00  3.2192e+01  2.5685e+00
  1.0500e+01  1.7671e+00  1.9275e+00  2.8267e+00  7.0512e+00  6.0572e+00  2.1231e+00  6.5898e+00  2.8888e+00  6.2032e-01  6.6140e+00  2.2212e+00  2.8688e+00  4.9161e+00  3.8881e+00  3.3499e+00  2.6721e+00  1.4586e+00  9.2014e-01  3.3450e+00  1.5940e+00  1.4737e+00 -3.9234e+00 -7.7462e+00 -4.6998e-01 -2.5980e+00  1.2635e+00  3.5490e+00  2.7307e+00  2.3867e+01  2.2852e+00
  1.0600e+01  1.7252e+00  1.8979e+00  2.8477e+00  5.2508e+00  5.5897e+00  2.0853e+00  6.0917e+00  2.3593e+00  8.8296e-01  5.5928e+00  2.2626e+00  2.9099e+00  4.8960e+00  3.9364e+00  3.3936e+00  2.6522e+00  1.3613e+00  8.2107e-01  4.1770e+00  1.5967e+00  1.4737e+00 -1.3119e+00 -5.1966e+00  1.3620e+00 -1.1685e+00  1.1600e+00  3.3289e+00  2.5877e+00  5.3776e+00  1.8172e+00
  1.0700e+01  1.7998e+00  1.9841e+00  4.1880e+00  6.6120e+00  6.8409e+00  2.6317e+00  6.8613e+00  2.6065e+00 -1.7105e-01  5.7288e+00  2.3377e+00  3.0139e+00  5.8376e+00  4.4317e+00  3.7628e+00  2.9400e+00  1.4185e+00  8.3065e-01  4.9738e+00  1.6062e+00  1.4870e+00 -4.9392e+00 -9.6270e+00 -3.1225e-01 -3.6481e+00  1.0765e+00  3.1809e+00  2.4692e+00  1.8006e+00  2.2462e+00
  1.0800e+01  1.8178e+00  2.0005e+00  4.4604e+00  7.2949e+00  7.2241e+00  2.6835e+00  7.0279e+00  2.6773e+00 -2.1286e-01  5.8504e+00  2.3256e+00  3.0110e+00  6.1170e+00  4.4170e+00  3.7632e+00  2.9645e+00  1.4328e+00  8.4887e-01  4.6516e+00  1.5992e+00  1.4767e+00 -6.2377e+00 -1.0783e+01 -8.8227e-01 -4.2184e+00  1.0932e+00  3.2089e+00  2.4709e+00  2.6031e+00  2.6161e+00
  1.0900e+01  1.8539e+00  2.0370e+00  4.2699e+00  7.7456e+00  7.2765e+00  2.7008e+00  7.4285e+00  3.2621e+00 -2.2241e-01  7.1595e+00  2.2976e+00  2.9768e+00  5.9050e+00  4.4086e+00  3.8665e+00  3.1151e+00  1.6147e+00  1.0497e+00  3.9070e+00  1.6110e+00  1.5037e+00 -6.7659e+00 -1.1240e+01 -1.5446e+00 -4.4351e+00  1.2410e+00  3.5232e+00  2.7165e+00  2.8585e+00  2.7843e+00
  1.1000e+01  1.8378e+00  2.0302e+00  4.6587e+00  7.0734e+00  7.2132e+00  2.9070e+00  7.4396e+00  2.7650e+00 -4.7162e-01  6.4526e+00  2.3612e+00  3.0418e+00  5.9075e+00  4.6154e+00  3.9479e+00  3.1293e+00  1.5296e+00  9.3257e-01  4.9886e+00  1.6213e+00  1.5140e+00 -5.7784e+00 -1.0997e+01 -6.8670e-01 -4.2948e+00  1.1853e+00  3.4064e+00  2.6267e+00  6.6380e-01  2.5082e+00
