log_age	F1370	F1400	F1425	F1460	UV_1501	F1533	F1550	UV_1719	F1853	F1978
6.0	2.0251e-01	1.7029e-01	7.8851e-02	3.3759e-03	6.4575e-02	5.8348e-02	5.3153e-01	8.0627e-02	5.5864e-02	2.6010e+00
6.1	2.2927e-01	1.6517e-01	7.3556e-02	3.7237e-03	6.1839e-02	5.6653e-02	5.4538e-01	7.4321e-02	5.1580e-02	2.4677e+00
6.2	2.7607e-01	1.6392e-01	7.2634e-02	8.0500e-03	5.9697e-02	5.6146e-02	5.5876e-01	7.0868e-02	5.0199e-02	2.3652e+00
6.3	3.1184e-01	1.7307e-01	7.5783e-02	2.1456e-02	6.6211e-02	5.5619e-02	6.8075e-01	9.0608e-02	5.3456e-02	2.1622e+00
6.4	3.2911e-01	2.1696e-01	1.1803e-01	6.4156e-02	7.7505e-02	5.2547e-02	6.9028e-01	2.3314e-01	9.5231e-02	1.6374e+00
6.5	2.7395e-01	1.9237e-01	1.2216e-01	4.7211e-02	8.3042e-02	5.1839e-02	6.6471e-01	2.3804e-01	1.1394e-01	1.6039e+00
6.6	1.9484e-01	2.0467e-01	1.0693e-01	4.5671e-02	1.1100e-01	6.2244e-02	7.0804e-01	1.9178e-01	1.0785e-01	1.7062e+00
6.7	9.6834e-02	2.2316e-01	1.0348e-01	5.6776e-02	1.5205e-01	8.5029e-02	7.8588e-01	1.2487e-01	9.2268e-02	1.7420e+00
6.8	4.8271e-02	2.4567e-01	1.1645e-01	7.2041e-02	1.8213e-01	1.0568e-01	8.3564e-01	1.3879e-01	9.3951e-02	1.6529e+00
6.9	6.1277e-02	2.4885e-01	1.3328e-01	5.9598e-02	1.5961e-01	1.0953e-01	8.7987e-01	1.9895e-01	9.0110e-02	1.5289e+00
7.0	5.5498e-02	2.8242e-01	1.5918e-01	6.5909e-02	1.4551e-01	1.2770e-01	1.1210e+00	2.5662e-01	9.6842e-02	1.3582e+00
7.1	8.6204e-02	3.0119e-01	1.7898e-01	5.2268e-02	9.9490e-02	1.1717e-01	1.1041e+00	2.9262e-01	1.0974e-01	1.2675e+00
7.2	9.6549e-02	3.1558e-01	2.1038e-01	4.8676e-02	7.7990e-02	1.0864e-01	8.3080e-01	2.7630e-01	1.2498e-01	1.2032e+00
7.3	1.0844e-01	3.5973e-01	2.4901e-01	5.6683e-02	7.6246e-02	1.0672e-01	6.4399e-01	2.6447e-01	1.4446e-01	1.1463e+00
7.4	1.2977e-01	3.9492e-01	2.8076e-01	6.5422e-02	7.7314e-02	1.0365e-01	5.2224e-01	2.6224e-01	1.5475e-01	1.0869e+00
7.5	1.4150e-01	4.2196e-01	1.8267e-01	5.0061e-02	9.2699e-02	8.3031e-02	3.8529e-01	2.8821e-01	1.2076e-01	8.4953e-01
7.6	1.4929e-01	4.1320e-01	9.6621e-02	4.1562e-02	1.0142e-01	6.5084e-02	3.1927e-01	3.3532e-01	9.1702e-02	6.3086e-01
7.7	1.5187e-01	3.7322e-01	9.0681e-02	4.9368e-02	9.2692e-02	5.4728e-02	2.9022e-01	3.5363e-01	8.9993e-02	5.4935e-01
7.8	1.5263e-01	3.3406e-01	9.6079e-02	5.7778e-02	7.8318e-02	4.4493e-02	2.5317e-01	3.7639e-01	9.0982e-02	4.5860e-01
7.9	1.5903e-01	2.7715e-01	1.0323e-01	6.8000e-02	5.9931e-02	2.9684e-02	1.9534e-01	4.2264e-01	9.3716e-02	3.0486e-01
8.0	1.5372e-01	2.4209e-01	1.0744e-01	7.1809e-02	4.3167e-02	1.8025e-02	1.5367e-01	4.4814e-01	9.4751e-02	2.3347e-01
8.1	1.5286e-01	2.3045e-01	1.1686e-01	7.7268e-02	2.5158e-02	6.0523e-03	1.1254e-01	4.7645e-01	9.9902e-02	1.6880e-01
8.2	1.5643e-01	2.2317e-01	1.3453e-01	8.2964e-02	3.6495e-03	-1.0480e-02	5.1454e-02	5.1086e-01	1.1188e-01	7.4925e-02
8.3	1.6099e-01	2.5474e-01	1.3356e-01	8.5284e-02	-1.2228e-02	-2.3159e-02	8.5070e-03	5.2276e-01	1.1744e-01	5.6183e-02
8.4	1.9084e-01	2.9419e-01	1.7220e-01	1.0641e-01	-4.6410e-02	-4.9032e-02	-7.3322e-02	5.8261e-01	1.4598e-01	-7.7230e-02
8.5	2.1836e-01	4.2969e-01	1.5216e-01	1.1554e-01	-6.4797e-02	-7.0099e-02	-1.2926e-01	5.9055e-01	1.5561e-01	-8.5179e-02
8.6	2.9570e-01	6.9478e-01	1.7244e-01	1.6071e-01	-1.1171e-01	-1.1646e-01	-2.5002e-01	6.6038e-01	2.0014e-01	-2.2108e-01
8.7	3.6033e-01	9.2510e-01	1.6137e-01	1.6894e-01	-1.1930e-01	-1.3535e-01	-3.0775e-01	6.4235e-01	1.9943e-01	-2.0998e-01
8.8	4.5875e-01	1.2587e+00	1.7149e-01	2.0046e-01	-1.5172e-01	-1.8338e-01	-4.4384e-01	6.6557e-01	2.3497e-01	-3.1990e-01
8.9	5.6333e-01	1.6382e+00	1.7109e-01	2.3401e-01	-1.8639e-01	-2.2464e-01	-5.4936e-01	6.9521e-01	2.6178e-01	-3.6587e-01
9.0	7.3158e-01	2.2519e+00	1.5825e-01	2.9189e-01	-2.4772e-01	-3.0915e-01	-7.6976e-01	7.4266e-01	3.0812e-01	-5.1345e-01
9.1	8.0569e-01	2.5832e+00	1.0569e-01	2.4655e-01	-2.4575e-01	-2.5171e-01	-5.6297e-01	7.3561e-01	2.9201e-01	-3.2249e-01
9.2	1.1032e+00	3.6744e+00	3.1895e-02	3.0573e-01	-3.1073e-01	-3.2234e-01	-7.0720e-01	7.9641e-01	3.2605e-01	-3.2563e-01
9.3	1.4868e+00	4.9720e+00	-3.3415e-02	4.2114e-01	-3.9714e-01	-4.5198e-01	-1.0324e+00	8.5458e-01	3.5961e-01	-4.6773e-01
9.4	1.9574e+00	6.4206e+00	-8.4021e-02	5.8989e-01	-5.0740e-01	-6.4707e-01	-1.5650e+00	8.9203e-01	3.9393e-01	-6.4565e-01
9.5	2.8251e+00	8.7453e+00	-1.2091e-01	9.0424e-01	-7.3321e-01	-1.0776e+00	-2.8112e+00	8.9992e-01	4.4436e-01	-9.2399e-01
9.6	3.0893e+00	9.1964e+00	-1.4262e-02	1.1411e+00	-9.0859e-01	-1.4556e+00	-3.8642e+00	8.3075e-01	4.7402e-01	-1.2831e+00
9.7	2.7252e+00	7.8625e+00	2.3051e-01	1.2608e+00	-9.6707e-01	-1.5536e+00	-3.9826e+00	6.8594e-01	5.0780e-01	-1.5556e+00
9.8	7.3133e-01	2.2154e+00	2.7463e-01	5.2202e-01	-3.8450e-01	-4.4918e-01	-1.0828e+00	5.6995e-01	5.3535e-01	-1.4518e+00
9.9	3.7577e-01	5.6045e-01	3.9222e-01	2.5794e-01	-1.9070e-01	-1.8186e-01	-4.4766e-01	8.5303e-01	5.0168e-01	-1.0942e+00
10.0	3.1383e-01	2.7825e-01	3.1885e-01	1.8793e-01	-1.0476e-01	-1.1462e-01	-2.9746e-01	9.4609e-01	4.1724e-01	-9.3663e-01
10.1	1.9049e-01	1.7204e-01	1.6469e-01	1.0914e-01	-2.6544e-02	-4.4807e-02	-7.2364e-02	9.3545e-01	3.7014e-01	-1.2099e-01
10.2	1.1381e-01	1.4138e-01	1.0032e-01	6.8428e-02	2.4333e-02	-1.8544e-03	7.2974e-02	9.1190e-01	3.9887e-01	3.1968e-01
10.3	1.1094e-01	2.2585e-01	9.6688e-02	5.4300e-02	5.5743e-02	2.3304e-02	1.5706e-01	7.3764e-01	3.9464e-01	6.8232e-01
10.4	1.2645e-01	2.9345e-01	1.0377e-01	4.6069e-02	7.6426e-02	4.1709e-02	2.1203e-01	6.0747e-01	3.9662e-01	8.8481e-01
10.5	1.2750e-01	3.6474e-01	1.0078e-01	3.3301e-02	9.7340e-02	6.2606e-02	2.8247e-01	6.5219e-01	4.8584e-01	1.3257e+00
10.6	1.3050e-01	2.8238e-01	3.1956e-01	5.2995e-02	5.9704e-02	7.7571e-02	3.3156e-01	1.9191e-01	2.5620e-01	1.4262e+00
10.7	1.5522e-01	2.7776e-01	2.5857e-01	8.2495e-02	5.0669e-02	8.9237e-02	6.1352e-01	1.7790e-01	2.2842e-01	2.0121e+00
10.8	6.6214e-01	6.7420e-01	1.5586e-01	4.0608e-01	3.5600e-02	9.5605e-02	1.4734e+00	5.8358e-01	4.3013e-01	3.2080e+00
10.9	6.1775e-01	6.0210e-01	1.3499e-01	3.5438e-01	4.3112e-02	9.9350e-02	1.5578e+00	6.1581e-01	3.0863e-01	3.2117e+00
11.0	6.0973e-01	5.9775e-01	1.3983e-01	3.5153e-01	4.2526e-02	9.8208e-02	1.5440e+00	5.6167e-01	1.3527e-01	2.7541e+00
