   0.6000000E+01   0.5772817E-02   0.2619110E-02   0.1708934E-03   0.5188815E+10   0.0000000E+00   0.0000000E+00   0.0000000E+00   0.0000000E+00
   0.6100000E+01   0.7267955E-02   0.5891086E-02   0.2643643E-03   0.4338212E+10   0.0000000E+00   0.0000000E+00   0.0000000E+00   0.0000000E+00
   0.6200000E+01   0.7587973E-02   0.9674492E-02   0.3451463E-03   0.4010015E+10   0.0000000E+00   0.0000000E+00   0.0000000E+00   0.0000000E+00
   0.6300000E+01   0.7759493E-02   0.1613380E-01   0.4761866E-03   0.4149457E+10   0.0000000E+00   0.0000000E+00   0.0000000E+00   0.0000000E+00
   0.6400000E+01   0.6261352E-02   0.1731572E-01   0.5918989E-03   0.7786232E+10   0.0000000E+00   0.0000000E+00   0.0000000E+00   0.0000000E+00
   0.6500000E+01   0.5007329E-02   0.1292013E-01   0.1910761E-02   0.1276234E+11   0.2558035E+41   0.0000000E+00   0.6567492E-04   0.1598299E-02
   0.6600000E+01   0.4683590E-02   0.9087139E-02   0.1722610E-02   0.1442416E+11   0.2319335E+41   0.0000000E+00   0.5948113E-04   0.1402254E-02
   0.6700000E+01   0.4520811E-02   0.6044851E-02   0.8420034E-03   0.1081136E+11   0.2709550E+41   0.0000000E+00   0.6909736E-04   0.1748688E-02
   0.6800000E+01   0.3689960E-02   0.3756543E-02   0.3452736E-03   0.4804433E+10   0.3129845E+41   0.2143615E-04   0.1246820E-03   0.1831894E-02
   0.6900000E+01   0.2724119E-02   0.2337998E-02   0.1294696E-03   0.2889848E+10   0.3432944E+41   0.4223926E-03   0.7362891E-03   0.1526783E-02
   0.7000000E+01   0.1678770E-02   0.1243500E-02   0.7104365E-04   0.1491148E+10   0.3350624E+41   0.7748823E-03   0.9104929E-03   0.1249578E-02
   0.7100000E+01   0.1457188E-02   0.9576515E-03   0.5157118E-04   0.7640512E+09   0.3049368E+41   0.7746715E-03   0.8023322E-03   0.7339679E-03
   0.7200000E+01   0.9027424E-03   0.5443916E-03   0.2996458E-04   0.3548887E+09   0.2407356E+41   0.6070456E-03   0.5873654E-03   0.3603551E-03
   0.7300000E+01   0.4837476E-03   0.2844297E-03   0.1575837E-04   0.1459958E+09   0.1428182E+41   0.3920888E-03   0.3506635E-03   0.1635184E-03
   0.7400000E+01   0.4548518E-03   0.2855732E-03   0.1513440E-04   0.6959543E+08   0.2338543E+41   0.5979876E-03   0.4963965E-03   0.1549728E-03
   0.7500000E+01   0.3333961E-03   0.2202163E-03   0.1213624E-04   0.4617464E+08   0.1223077E+41   0.3561385E-03   0.2797312E-03   0.6273330E-04
   0.7600000E+01   0.2862128E-03   0.1918687E-03   0.9965995E-05   0.3081492E+08   0.1032608E+41   0.3274484E-03   0.2452895E-03   0.3396419E-04
   0.7700000E+01   0.2540612E-03   0.1756286E-03   0.1004740E-04   0.2090492E+08   0.3412749E+40   0.1023573E-03   0.7842896E-04   0.9845676E-05
   0.7800000E+01   0.4216638E-03   0.2882698E-03   0.1612175E-04   0.1532210E+08   0.7533493E+39   0.1676883E-04   0.1459535E-04   0.4276236E-05
   0.7900000E+01   0.2243497E-03   0.1506208E-03   0.8110747E-05   0.8518730E+07   0.3638699E+39   0.7770513E-05   0.6964435E-05   0.2665453E-05
   0.8000000E+01   0.2365254E-03   0.1551848E-03   0.8278021E-05   0.5158075E+07   0.1140945E+39   0.2112326E-05   0.1774247E-05   0.2943346E-06
   0.8100000E+01   0.2431842E-03   0.1534100E-03   0.8199167E-05   0.3696623E+07   0.1109082E+39   0.3885950E-05   0.2896441E-05   0.4089731E-06
   0.8200000E+01   0.1487299E-03   0.9190883E-04   0.4939271E-05   0.1482208E+07   0.0000000E+00   0.0000000E+00   0.0000000E+00   0.0000000E+00
   0.8300000E+01   0.1787936E-03   0.1032115E-03   0.5776029E-05   0.1243179E+07   0.1185064E+38   0.3860939E-06   0.2734773E-06   0.1602325E-07
   0.8400000E+01   0.9689295E-04   0.5326602E-04   0.3081762E-05   0.6938110E+06   0.0000000E+00   0.0000000E+00   0.0000000E+00   0.0000000E+00
   0.8500000E+01   0.8446429E-04   0.4567804E-04   0.2673091E-05   0.3275905E+06   0.0000000E+00   0.0000000E+00   0.0000000E+00   0.0000000E+00
   0.8600000E+01   0.5625846E-04   0.2985261E-04   0.1764775E-05   0.2931628E+06   0.0000000E+00   0.0000000E+00   0.0000000E+00   0.0000000E+00
   0.8700000E+01   0.5615713E-04   0.2952019E-04   0.1754750E-05   0.1243423E+06   0.0000000E+00   0.0000000E+00   0.0000000E+00   0.0000000E+00
   0.8800000E+01   0.4687385E-04   0.2459776E-04   0.1464513E-05   0.1603626E+06   0.0000000E+00   0.0000000E+00   0.0000000E+00   0.0000000E+00
   0.8900000E+01   0.3973872E-04   0.2055406E-04   0.1235923E-05   0.7195247E+05   0.0000000E+00   0.0000000E+00   0.0000000E+00   0.0000000E+00
   0.9000000E+01   0.2697143E-04   0.1378812E-04   0.8341875E-06   0.4171136E+05   0.0000000E+00   0.0000000E+00   0.0000000E+00   0.0000000E+00
   0.9100000E+01   0.1324077E-04   0.6702866E-05   0.4088140E-06   0.3203320E+05   0.0000000E+00   0.0000000E+00   0.0000000E+00   0.0000000E+00
   0.9200000E+01   0.8873154E-05   0.4501678E-05   0.2743471E-06   0.2289772E+05   0.0000000E+00   0.0000000E+00   0.0000000E+00   0.0000000E+00
   0.9300000E+01   0.1267242E-04   0.6438309E-05   0.3921063E-06   0.1747239E+05   0.0000000E+00   0.0000000E+00   0.0000000E+00   0.0000000E+00
   0.9400000E+01   0.9402751E-05   0.4733928E-05   0.2901646E-06   0.1333581E+05   0.0000000E+00   0.0000000E+00   0.0000000E+00   0.0000000E+00
   0.9500000E+01   0.8247877E-05   0.4119520E-05   0.2539074E-06   0.1552642E+05   0.0000000E+00   0.0000000E+00   0.0000000E+00   0.0000000E+00
   0.9600000E+01   0.5939956E-05   0.2930851E-05   0.1821574E-06   0.7197741E+04   0.0000000E+00   0.0000000E+00   0.0000000E+00   0.0000000E+00
   0.9700000E+01   0.4582411E-05   0.2251502E-05   0.1403350E-06   0.5716011E+04   0.0000000E+00   0.0000000E+00   0.0000000E+00   0.0000000E+00
   0.9800000E+01   0.3038656E-05   0.1476331E-05   0.9271791E-07   0.3100368E+04   0.0000000E+00   0.0000000E+00   0.0000000E+00   0.0000000E+00
   0.9900000E+01   0.2335230E-05   0.1115901E-05   0.7085302E-07   0.3056269E+04   0.0000000E+00   0.0000000E+00   0.0000000E+00   0.0000000E+00
   0.1000000E+02   0.1175189E-05   0.5795015E-06   0.3600847E-07   0.6154670E+03   0.0000000E+00   0.0000000E+00   0.0000000E+00   0.0000000E+00
   0.1010000E+02   0.1407132E-05   0.6726374E-06   0.4267938E-07   0.2752207E+04   0.0000000E+00   0.0000000E+00   0.0000000E+00   0.0000000E+00
   0.1020000E+02   0.5410033E-06   0.2618970E-06   0.1646781E-07   0.4410037E+03   0.0000000E+00   0.0000000E+00   0.0000000E+00   0.0000000E+00
   0.1030000E+02   0.9830904E-06   0.4607962E-06   0.2959956E-07   0.1235399E+04   0.0000000E+00   0.0000000E+00   0.0000000E+00   0.2634247E+03
   0.1040000E+02   0.2777149E-06   0.1289118E-06   0.8329355E-08   0.7534716E+03   0.0000000E+00   0.0000000E+00   0.0000000E+00   0.6522073E+02
   0.1050000E+02   0.1078837E-05   0.4975588E-06   0.3227525E-07   0.2686602E+04   0.0000000E+00   0.0000000E+00   0.0000000E+00   0.0000000E+00
   0.1060000E+02   0.1838898E-06   0.8463552E-07   0.5492439E-08   0.5019205E+04   0.0000000E+00   0.0000000E+00   0.0000000E+00   0.7025881E+02
   0.1070000E+02   0.1575222E-06   0.7211907E-07   0.4693564E-08   0.5239172E+04   0.0000000E+00   0.0000000E+00   0.0000000E+00   0.0000000E+00
   0.1080000E+02   0.1257951E-06   0.5685604E-07   0.3732074E-08   0.3215910E+04   0.0000000E+00   0.0000000E+00   0.0000000E+00   0.0000000E+00
   0.1090000E+02   0.3964916E-06   0.1755695E-06   0.1167959E-07   0.2182456E+04   0.0000000E+00   0.0000000E+00   0.0000000E+00   0.0000000E+00
   0.1100000E+02   0.4208650E-07   0.1872819E-07   0.1241688E-08   0.3989042E+47   0.1385534E+04   0.1178075E+04   0.1135581E+04   0.0000000E+00
